From Id	To Id	Tx	Meta
1	2	0.001	
2	1	0.001	
3	2	0.001	
4	5	0.001	
8	9	0.001	
1	0	0.002	
5	4	0.002	
5	6	0.002	
1	0	0.003	
1	2	0.003	
4	3	0.003	
7	8	0.003	
8	7	0.003	
4	3	0.0031184	
3	2	0.004	
7	8	0.004	
3	4	0.005	
5	6	0.005	
6	7	0.005	
7	6	0.005	
3	4	0.0051184	
7	6	0.0051184	
0	1	0.006	
4	5	0.006	
5	4	0.006	
6	5	0.006	
6	7	0.006	
8	9	0.006	
0	1	0.007	
2	3	0.007	
8	7	0.007	
2	3	0.008	
6	5	0.008	
9	8	0.008	
2	1	0.009	
9	8	0.009	
2	1	1	
3	2	1	
7	8	1	
1	0	1.001	
7	6	1.001	
9	8	1.001	
3	4	1.002	
5	6	1.002	
8	7	1.002	
5	4	1.003	
0	1	1.004	
4	3	1.004	
4	5	1.004	
2	3	1.006	
